Pos=[x0, y0, z0; zeros(99999,3)]